1119- 111111 . ,111- “

71111 1111991111 1191111111 111119191711111111111, dequo 11111116, ,
1-.,,,.,9789811119,11,19...”’
Στέφανος, 9971, (1911991, οο19119)111111.1·18111-
17191911,17 propr. 911919111911191111 1191111191, Apoc. 4,
1..19 9,7. -19191111911, 11111111. 27, 29. 11119. 15, 17. ο19,
19,..25 Apoc. 6,2. 14, 11. (1611111, 12, 30. Ρ1,11,3.7-
1111, 91111 praemii lo'co 61111191 victoribus 119111191116111
11116111911891915.(111111191191191979919ῒ911199- ·
1119111111661111191111111,911 sortiter 11 generant 111 expu
11111161119191711111, 116111 1197111117 1. 3.) - 1191111
1111111111111- 1711711191171111,01119111117111111111-
11111111111111 111111169111,111 111111 νὶ1191911111171’1’1111,4, “
1.( 1 ’1171 611611111171 1119,119, 91191111911111111111111μ-11
11191191 '1'99 ζωῆς, 1111111111 11111 1111111111, 1 1. 1111111 feli· ‘
¹com511911151111'11111, Fam 11,11991.1,1ο.9119.1ᾗ966ξ91,
911191111911111 1111111111 1191911611111, 1Ρ111.67 4. (111, 13,
18..,Thren2 15 5, 16. Τ111. 111. 8111. p. 731.) ’,1991 3, 11. .
1161 111991119911, 9111111111 11611111191111111 1911.811.,1,11.
,1 16,,,688 1-5,.6 9716111111191191111111719, 9991119911119-

1111111, 9111111117 111 Paulus, 9191661111111911191111,19911111 .

7199111111 91191191 1111114, 1. 1Τ11111.1, 19. (8161, 12, 4,
Ξ7 7117 11119111 91191111 1171 1111191 9111179 Prov. 17, 6. 91191199
719111111111111 11111111. 11. Prov. 14, 26. 16, 31, 111. 18, 5. Sir.
118)-1799111111111111111111111111, 9111111117 89911
12, 1. 1119119911119911 1111111111. (611.39,11.11111116611 1111911
11191191 1111119911. coll. P2.5, 15. ubi 9119916911191119978

1 Σ11911611,1”1, 111911, (1911911997 17191911111199,
11119119, 111111, 5. (6119ῑῶ3 1119111816,1881111511.
1 ‚¹9. 191196191111117179111179.1911911.11111.4,4.4.9119.1111
’111177-9711111191191119,1119919,11161.1,7. 9117177 11111·
’71199911111111 (1'1'1 8, 6. ib· 103, 4)*

Σ1ἤ691,191, 91911, (11117111) 71111117 11111111 11 1117-
1ος,1119111111111, 9911111111111119111111, 1119181616, 48.-
11 13. 25. 21, 20. 11991. 15, 6. (11111111.1,31.11111.11·, ,
25. 26) ’

27777791, (911)ε ,11171111 per 191111111111 1 911111111916117119 7
111611911791, 1916116111, 6111111919111111911911, 1111,Β111111,
7111111191, ’.Γ 11, §. 111. 91111.)1. 1) 119 91111, 11119, 11, 25.
11911711 119911117171.-17711111111 119,711111’119,· 1199196 111

10, 9119111111111111111111111111111111,91691991119111119119111. .

14, 4 11716191 11119191 91171111 ἢ 11111111,111111119111 quum 11111911-
nantia 111111 11111119111111111 1111111161 111 11911 111 111111 9111- ,
1111 sed 161911119611111119111111.(1,11.5,1.11111111, 15. -·
1111111111771111111,1691.16,18.1111191119111.Ρ1111, 1,
²1 1111191171,111 professione 1111919111 1111111, 81111. 4, 1.
1’111111.,3 11.(1.xx 1199111991 codl' Alex. 11 61111. 6911171191. ,

1111.14,11.,71911.,171178

 

