Γ 21112-112111 111

1212212121112. demtum 152 5211112, 2211 1521151527 521, 18, 57.
15811215 21 259 9259 555255. (551. 1, 5 2199991177 159 5529 15511-
75221) ιΤ.,52115 9.221125122771211112’97175.15512912.-
55 91229 (5715) 151 διακονίαν. 15211. 2, 8. ‘

5) colloco 1552115 25591155, 5211258212 pono, in 25115 mum,
52. communion 2112195512, 15122, tribub, mdo,- 9) 25125212,

2621. 9, 18. 55221111 1527755121, 221221211522 21112 25551, 112152

doctrinam. (Sir. 29, 11. 5159 255 59922955 222 999‘ 5999559 ,

5712222. Iudith. 2, 2.. 55222 μετ’ 2151255 95 71221959125.)-’

5)119. 52 cum dativo, ..,26215 19. 5571122957 9711152725, . · .

157912195527579. (Pa. 1851,·.27 55122 55 251219 557229 2551 99· ι
72122221221121215 7.215.151221221’15175ἐις7ἦιι 1211111.-

loseph. 2215, 8. 55. .ιιατιὶ712925512525 2151. 55. ι7,2. 2. 5527111 ¹ ’

11529 5571112995 .

Τι’κτιι,5 .ιέξιμαι, 221. 521525. 221. 1. 712121 &3599
(111151222522192152)5558912159 1)92112,1’2519 5127
52 2125122521 foetum 22512215521, 5521151.1,21. 25. 25. 511121,
1,..5157 2,.67.11. (5155, 27. [55251.,11 11.]15 92212, 2..
5515. (Gen.,5 16. 5,1.)- 55211512 ,2.7175159, 1221112
1111225216, 21.5225251129,15111251122 821, 21 'foetum 21511.
(les. 15‚8. Sir. 19, ιι. 58, 22.)- 27959112, de 12112 95211122
9125212212, 55251.,5 7. 99 1511152511 52115195. (Philode 2955.
9..52 7579 1115512 999995999.u 5152111711 8521 152 2152155122 112912
facientibus.) - 21212751. 919522, 97555557 199. ι,5 17111711..
2151111 ἁμαρτίαν (Ζ21125. Cent.,5 ς. 28. 15529ι155195η5211191 1115
75557592 75515759. Philo 152 122155. ’1117111787 5219 9959 75·
1111771927711512121591212 1172911221, 59 999995999 1125
255221 125 5712251211 1125λῇ 15125259. Sir. 8, 18 95 75197125.
211119 25 9599999, 1121252 quid 212552121111255.5515. 2152215251.
58, 28. 2..

211585212121111,11111219112511921121,

1.(55587112 111111 8215119, 5. 522. 18,“ι.7 82821. 15, 5. 517951

9999‘ 2291129 221252. Diod. 5525, 21. 1259 22521552 22117119 ,

125 57715925 2555117..) ¹¹

55192129 22, 5, 5511122111, 22219127121515, 55212.
12, 56. ,
T99599,” ω, 59221, (11 21719) 1522115212, 1571129152
pretium roi 1121227 512 LXX 912 919577 5122. 27, 8 12. 15. r
21222952152121711115 7112521122. 5525212111 5122 5222111 5511151. 27,
9. 12151 5222112221955291521151, 1722111 non ·,22111121 2172222111
scriptore depromptus 251. 521121111115951111 252521, pretium
2111121215, 172221 121152122212111 ludaei. Medium 12295225122 2711115
9111511122 2111912152111 11212212,11152127151.2111.5,1.21.511. ,
11521 5111121122 11712521 5,1. 21121112 221111· pretio: 252522, 7112152111
22115, 929111 22121121 25 1112155151. At 2511221112 11121111 52222,
quum quinum 5291151111 21 (52 quornm 2211112 151,1”2221·117111.
2122221. (3112121219) 251521 .55, 2. 57215 11715151 59729512 57 1511 ,

821215 ΤΙ 1

 

