3 zara-6677 01, 1

1711100 mim, a 1111110 919111, 0110 habuit. 199011111111091111111,

910010110101116118. Τ (Ζ1011. 5,1.1()111011.21,1.0011
116.11,7. 2, 2. 901611 1016011111 101110111101 56660601' ·
11 gitur) 11011001 popuii Dei 01 verorum 0111 cultorum 1119111-
91101,911101111111011111611161109,11900.12,9 20, 2. (1111.Ι
Διάβολος) 01 1101011611111111 Ν. Τ. geniorum 1111101901 9110-
1099 1111111. 11, 26 111110 5, {1³ 26 11110.11,18. 1190012, 9.
(1011.1111.Ρ111 9. ..650 6576116 1160010111 1101 ,1161 11110911· Ι
11101111) 1101111111,90111111111111 piorum 0111101111, 001
101190001110111010111 111022, 5.51. 1015, 27. 11015, 5.
1111111620. 160175. 2601.2,10.1Τ111.5, 15. 11101011
111101111011101.26,18. 11900129. quom 0111111111011001
111111 011106111001111110111101, 2801. 11, 14. 2Τ11011 2, 9. 11900.
17. 8. Christi 01 101 christianae 1111111011, 11110.4,15.
1960. 2 9.15.24. 6‚9. 010160119101111110601101111110101,11110.
15,.16 1601. 5,.5 1Τ11011.,2 18. 1Τ1111. 1, 20. 0011. 11111111.
12, 26. Maro. 5, 25. 26. 111011, 18.- Ε100011110.10,18
111101011101111,1011001091011010110,8111111111 111 inferiori
¹parte coeli 1. 11111 1011111,1111.Ἀ69. Manendum 1010 011, ·
6111111111 11 11011111 0000111911111 11οωί1111111 0110, ubi impios
11911110111111101111001. Commemoratur 011101 Τ611.Χ11.Ρ111.
9 655 680.’- 111 sermonibus 10111 aliquoties 00101169 11000-
bulum vituperii 011 01 111011119110111111191110 1 0011111911 Dei ,

1110111111101111, 1111111141, 10. 16, 25. 1111108, 551111. 4, 8. ³.

Σαῦλος, 01,0,”80111111,1.9 ,50161 (91011 1111.,) 009-
1111011 Pauli apostoli· 8017, 68 8,1.5.9,1.8.11. 19. 22.
, 242611, 25. 50. 12, 25. 15, 1. 2. 7. 9. 1. ·
Σαυτοῢ, 111, 11,, 1. ,9. 01011111, quod vid.

86111191, 1. 0710111111 (16 inusitato 1711111, quod 1110111 .

119116011),101.11βέσω, 00110900, 119109110101911001101111

1111111611111111111.12,20.11911616. 11111.11,14.(1.Χ11 pro , ,

199 261111. 14, 7. 21, 17. 28111011.211,7.--) b) tropice. ox-
111910,Ἡο99111110,10111600,11011111111111111171[011, 1Τ11011.,5 19
11011190919071111111. (07151067111191, (3111168, 7.-111
11189, 2111101. 16, 4. -· 1110110611 Ι1010911. 1111. 11, 5. 5. -·
117190ρᾶ7, 1010911. 6011. 6, 1. 6.— -τὸ 6107109 6101. 10,.)-8
Ὶ1511119101,0011119001,711111011111041,1111111258.1691110619.
111110. 9, 44. 46. 48. to 11119 (11111910 1199 6016, 12 199
180922, 17. 10142, 5.οῑ 999 810015, 9. 2ο, oo.)*. .

51011011, 111, 011, 001111·.001101,ἧ1, 06610011,οῐ

11111)11010011101101111101 1001111110 90110010, nominativo 00
1111, em 1911111 11111 10.,1 22. 8, 15. 80126, 1. 2Τ1111.4,
ι1·-·-010111,1’1,.116119111161,10.17,5.6069541628.
61112 5 111111. 4, 16. 1701011111, 111114 6. 8, 6 1919.
111. 4, 25. 10 7, 4. 8, 63. 0191111111. Rom. 14, 12. 101110101-
161691, vid. ''.13716 . . . ι .
lammam. Co

 

