917 11111111  

am, ῊΜ Μ,οκ»111 6661711666, 4116. 14 31. 66,
47. 1411. 13 fflssuo‘mm) 17. (441141.,1 1. 664 1441161716

66 4191714611.)- 37 16466 ,7161166 114
81876771166461141. 17, 64. 646666 44661. 13,.6 4616741661. 6, 7.
7.11411161761117616171161667116146.15,4.3.46.16,ι.1.
4466666.61616.6,3.1.7.
moe, 666. 661111. 666, 614,- -Lxx 9461661966 91677-
ia 911614 ateramum, 1116161616, ultimum est3 17741141, 111-
1641166, 966 aliquid 6166 (46146417 a) 146 1694716167 4616614166
146 14466(6441 namnam) 964 66611161 611 619116 1114ν finem
6164616111, 64611616, 66. 64, ι3. 6461613, 13. ·- 61411614
14466 6164616111,116614661 661646 exantlat· 16111, 41116 4611111
611666 16141, 446116. 64,.6 64616137 666. 61, 9. -446116
64, 141411 17411 66 74469, 16116 6414166 6146464166 6166461,
Alii 64166 16 46646 intelligunt 66616 663 11464666, 446661 664111
11166144 periodi, 61 legitur acor. 10, 11. 614 6367 1611 6464161,
61146164,711611611114667446611,13. 6491414461161
.66191414111441461161-14466’1667771661,Νι6.13,6.4)111.1,
ι- 15. 18. 4, 31. 644698, 3 66446366 64, 8. 64469. 18,
16.--7 -666.,1 33. 61411 ἔσιαιτἫλις 6176 β66141461’ 661641. 44661.
7, ’.3 ζωῆς 1446ςῖ (4669, 7. τῆς 14641171’ 6611 46161 644667 - 411
- ’614616114114466(16676416616466634967,11117116 ad finem
164 166644 164 14166, ι. 6. 7161716166, indesinenter, 411 inst-47

· 1141111117 666163 46. 13, 1. 714771.11 6711446119, 44661.,.’,33

11. 14.’ 149666 66. (64444 pro 11613, Po. 163, 9. 74, 11. 49, ’1

, . 111111,1.16613,ιι.-.) 4716744666, 1061·.,ι 8. 6661.

1, 13. (44611. 6,· 24.t 1711119146 6141641 4611114661.)- 6714641·
16141117441163,66.41446647117, 7161416,916116164164.(446.
44666641. p. .1.91 1614466 4769747661, de diluvio futuro.) 4141
64466,11446161411,116 416 6116161611711111441111,7116111111,146611
6, 16. (41641. 5646, 5. 646 11466 1711716447 4416. 7, 66. 6411644161
64961467. 411161,9,6.6(441166.16,16.)

6711414166111, 67711691. ultimum 614466,1661.13,64.
1416141446, 71611.11416114,1614ι764116614661. (1111611116
mundi explicant. ’146717 664 64466, primm 61114ιί6161, 16
omnium maximus 6166161661, 147166. [1, 8.] 61, 6. 66, 13.

(46167141. 6. Apion. 6, 66 3146 6414646619411641164611 641671-

’ *4111 46741 1144 71466 1164 14466 1114111611.·-) ’414 4414466, 14611-

17116,7161116166, ,96614 ultimo 4666 dicendum, 17116ᾰ1644711111»
ost,- 1461113, 8. (416 4616716661. 13,3.9 11611“ἑ7.66, 6114164-
961. 4414414469 144. 46667141, 169.) 14444. quod 6111111111»
611,61Ε66416,13.6ε’466467611,4166617471.4414663.-

, 67466167141. 6647111 164, 4461141. 66, 58. 414141’ 16 14466. (Text. 4444

44611. p. 689. 69 1446416466147716166146 1166461 44711. Demoph.
6966666166166144664141ᾥ1ῌ-17 16611111614661166441,
· 666. 66, 37. (14466 4117βᾶ161, 4161111161 habere, 46167141 6116,

’34 46. 4, 6. 4. 66746716661’ 111 14461, 1616 fieri 7116614116,’.

 

