· 5555- 5555 's 55 s
..55,55.. 111111.. 51,86,5511.581. 517, 55155555.
15559557. 115155557, 8. (1155555115. 196, 51, 1151515517 111159 ,

5517 15 551595 591 515591 75155558- -·515 5515 555515 851595.

1955. 58, 57. 1151 515155 Ι1551555, quiin ο5155555515155515555 ·

navigant- 515 55595115, vodio, Act. 27, 29. 41.·- -15) 515
Iooo'm 118755, 15551, 57. (Xenoph. Memor. 2, 5. 20. 555115
1119511 5715559 99571515575915551. 5, 8. 3 51551555 aenou 71955
65511555, 11515517 1557115555 711755 5559151155)

Τ1551555,5157, 5115, 51 51555, (51591551595151155)
mantus, 5)515 955511151515515555. cantus, 151555 magnus, ·
11511158, 55. Luo. .7,9 15. 55 ,87. 1955. 18,7. (859, 58,9.
5115551, 8.)-15)51595551117515555155·5577’5;1571,1515555555,
eam 5515511155,11“51115.51,88 19555 5555155511755. 5. 55, 88.
Luc 16 ,.29 lo.,6 9. 11,9,55, 11. 651,8, 1. 115115. 12,1.
11955511, 17,-4ovar101atege15111, 1Cor.14,10.-do
955561515955111,1151.5,8 515555155551177191557715511155515 - ‘⁴
¹monnone [Apoc. 21, 16,-] 5)55555155ι755 55551755 cum 5115
5511551155 551515551115 5155511111115. 55551595-11595,1555515-·
755515, Η5155,7,5 4. 55,56.-5)15551157558155,57115,
*5155155155 551 915511151555, 115155.17,7. 775551555515557915557
9551155515559555.115155.7,55.551115551555,11515151551555555.
(1555915557, 6, 5 27. 5555517555, 1 5,9555555555555155551.115151,
11,1.3. 6 11 5195517515 5515115 (5555515) 1555 55551157, 1515,
95115555 recensetur, e11.)*.
¹ Τ155,5515.155595515,15555,155555,1115175559555,5)15
ι15559555755551551151515555515711511151,17,51551555, quum
¹hoc eveniret. 27, 9, 56, (Lxx pro 755 Gen. 12, 6. 16,7.
. 1115515576, 51.175559157.5551.7, 16. 5.-) 511555, 7551578575, 651.
1, 8. 5155559 575115 51555 5551 515. 115155, 51, 26. 2611- 515
. opor. 3, 61757155 75157555 (11555915, 55515. 2,2. 20. Cyrop.
1, 6. 55)- 6116 5155, ab 1115 ind? tompore, 11511151, 57,
. 16, 21. 26, 16. Luc. 56, 56.’ 5551 5655 ,515595516551515515
2 1559115155. (895155. 8, 12. 955 1'1182¹ Ρ551551 115 11011 loquuntur.)
-1115155 5155, tum 5151155, 111. 17, 51,-ι·- b) 515 tempor·
¹ 75155951 515 55, quod 55951155, seno 55519115 tom, 1557515,
deindmiemuf,olsdonn.da‚·112118.2‚7. 16.6,5.16.16. ’
1, 1. 6 55, 11. 6, 8 24. 26,1. 5151115 15155155511151151·
11551,9551 5515555515 15515 9551155 et 5555555551 colloquiorum =
5551555 955· 5155, Ρ5555 Marc. 5, 26 27. Luc. 11, 26. 13, 56,
Io.11,14. 59, 1. 56, 2o,.8 Act.1, 12. 4, 8. .10, 16.,18 Gal.
81 1Cor.,4 6. 2Th111s.2, 8. 115155. 1o,7· 9. 5195555155.
(1155551. 55, 44. 48. Esdr.4 ,261q. Lev. 22 ,.7 115755,5,55. 14.
11551158591555915.5551,6,55.7,)ε-’05571--ω5159755757* 5
tum, 11511159, 1.6 Marc 13 14. Luc. 6, 36 14, 10. 21, 20. lo.
828. ’.,5655 58, 10 55, 28. 34. 56, 2. ocor. 12, 55. (151,,8 1,

1Thos1. 6, 3. -5591555- 5155, 7551555551- -51515515, 11517115,
11,.59 1115555, 8 27. Luc. 6, 42'. 15. 2, 10. *6911- 5155,

“75

 

